(200,  48,   7)),
(191,  47,   6)),
(194,  49,   6)),
(196,  51,   7)),
(199,  53,   7)),
(202,  55,   7)),
(204,  57,   8)),
(207,  60,   8)),
(210,  62,   8)),
(213,  65,   9)),
(217,  67,   9)),
(220,  70,  10)),
(224,  74,  11)),
(227,  76,  11)),
(232,  80,  12)),
(235,  82,  12)),
(238,  85,  12)),
(241,  88,  13)),
(244,  90,  13)),
(247,  92,  13)),
(250,  94,  14)),
(255, 100,  15)),
(255, 105,  16)),
(255, 110,  17)),
(255, 114,  18)),
(255, 120,  19)),
(255, 125,  21)),
(255, 130,  22)),
(255, 135,  23)),
(255, 140,  24)),
(255, 145,  26)),
(255, 154,  28)),
(255, 160,  29)),
(255, 165,  30)),
(255, 171,  32)),
(255, 177,  33)),
(255, 182,  34)),
(255, 188,  36)),
(255, 192,  37)),
(255, 198,  38)),
(255, 200,  39)),
(255, 207,  40)),
(255, 209,  41)),
(255, 213,  42)),
(255, 219,  44)),
(255, 224,  45)),
(255, 226,  45)),
(255, 237,  48)),
(253, 238,  49)),
(246, 238,  55)),
(238, 239,  61)),
(234, 239,  64)),
(228, 239,  69)),
(220, 240,  75)),
(216, 240,  78)),
(209, 241,  83)),
(200, 241,  90)),
(188, 242,  98)),
(181, 243, 104)),
(172, 243, 111)),
(162, 244, 118)),
(158, 244, 120)),
(153, 245, 125)),
(144, 245, 132)),
(133, 246, 139)),
(131, 246, 142)),
(126, 247, 145)),
(116, 247, 154)),
(114, 247, 155)),
(108, 248, 159)),
( 97, 249, 167)),
( 93, 249, 170)),
( 88, 249, 174)),
( 79, 250, 181)),
( 76, 250, 183)),
( 69, 251, 188)),
( 61, 251, 194)),
( 56, 252, 198)),
( 51, 252, 202)),
( 41, 253, 209)),
( 39, 253, 210)),
( 31, 253, 216)),
( 14, 255, 226)),
( 13, 255, 227)),
( 13, 252, 228)),
( 13, 247, 230)),
( 12, 242, 232)),
( 11, 238, 234)),
( 11, 235, 235)),
( 11, 231, 237)),
( 10, 228, 238)),
( 10, 226, 239)),
( 10, 223, 240)),
(  9, 221, 241)),
(  9, 218, 242)),
(  9, 216, 243)),
(  8, 213, 244)),
(  8, 211, 245)),
(  8, 208, 246)),
(  7, 204, 248)),
(  7, 201, 249)),
(  6, 196, 251)),
(  5, 189, 254)),
(  5, 182, 255)),
(  5, 174, 255)),
(  5, 169, 255)),
(  5, 162, 255)),
(  5, 158, 255)),
(  5, 152, 255)),
(  5, 144, 255)),
(  5, 139, 255)),
(  5, 132, 255)),
(  5, 130, 255)),
(  5, 123, 255)),
(  5, 118, 255)),
(  5, 115, 255)),
(  5, 109, 255)),
(  5, 104, 255)),
(  5, 101, 255)),
(  5,  94, 255)),
(  5,  90, 255)),
(  5,  87, 255)),
(  5,  79, 255)),
(  5,  72, 255)),
(  5,  65, 255)),
(  5,  60, 255)),
(  5,  52, 255)),
(  5,  50, 255)),
(  5,  38, 255)),
(  5,  30, 255)),
(  5,  28, 255)),
(  5,  20, 255)),
(  5,  14, 255)),
(  1,   4, 255)),
(125, 125, 125)),
(127, 127, 127)),
(128, 128, 128)),
(129, 129, 129)),
(130, 130, 130)),
(131, 131, 131)),
(132, 132, 132)),
(133, 133, 133)),
(134, 134, 134)),
(135, 135, 135)),
(136, 136, 136)),
(137, 137, 137)),
(138, 138, 138)),
(139, 139, 139)),
(140, 140, 140)),
(141, 141, 141)),
(143, 143, 143)),
(144, 144, 144)),
(145, 145, 145)),
(146, 146, 146)),
(147, 147, 147)),
(148, 148, 148)),
(149, 149, 149)),
(150, 150, 150)),
(151, 151, 151)),
(152, 152, 152)),
(153, 153, 153)),
(154, 154, 154)),
(155, 155, 155)),
(156, 156, 156)),
(158, 158, 158)),
(159, 159, 159)),
(160, 160, 160)),
(161, 161, 161)),
(162, 162, 162)),
(163, 163, 163)),
(164, 164, 164)),
(165, 165, 165)),
(166, 166, 166)),
(167, 167, 167)),
(168, 168, 168)),
(169, 169, 169)),
(170, 170, 170)),
(171, 171, 171)),
(173, 173, 173)),
(174, 174, 174)),
(175, 175, 175)),
(176, 176, 176)),
(177, 177, 177)),
(178, 178, 178)),
(179, 179, 179)),
(180, 180, 180)),
(181, 181, 181)),
(182, 182, 182)),
(183, 183, 183)),
(184, 184, 184)),
(185, 185, 185)),
(186, 186, 186)),
(188, 188, 188)),
(189, 189, 189)),
(190, 190, 190)),
(191, 191, 191)),
(192, 192, 192)),
(193, 193, 193)),
(194, 194, 194)),
(195, 195, 195)),
(196, 196, 196)),
(197, 197, 197)),
(198, 198, 198)),
(199, 199, 199)),
(200, 200, 200)),
(201, 201, 201)),
(203, 203, 203)),
(204, 204, 204)),
(205, 205, 205)),
(206, 206, 206)),
(207, 207, 207)),
(208, 208, 208)),
(209, 209, 209)),
(210, 210, 210)),
(211, 211, 211)),
(212, 212, 212)),
(213, 213, 213)),
(214, 214, 214)),
(215, 215, 215)),
(216, 216, 216)),
(218, 218, 218)),
(219, 219, 219)),
(220, 220, 220)),
(221, 221, 221)),
(222, 222, 222)),
(223, 223, 223)),
(224, 224, 224)),
(225, 225, 225)),
(226, 226, 226)),
(227, 227, 227)),
(228, 228, 228)),
(229, 229, 229)),
(230, 230, 230)),
(231, 231, 231)),
(233, 233, 233)),
(234, 234, 234)),
(235, 235, 235)),
(236, 236, 236)),
(237, 237, 237)),
(238, 238, 238)),
(239, 239, 239)),
(240, 240, 240)),
(241, 241, 241)),
(242, 242, 242)),
(243, 243, 243)),
(244, 244, 244)),
(245, 245, 245)),
(246, 246, 246)),
(248, 248, 248)),
(249, 249, 249)),
(250, 250, 250)),
(251, 251, 251)),
(252, 252, 252)),
(253, 253, 253)),
(254, 254, 254)),
(255, 255, 255)),
